2.2551848888397217
8.804210662841797
2.581841468811035
1.3040010929107666
2.5426244735717773
3.923367500305176
3.9335737228393555
4.386890411376953
7.969753742218018
5.07513427734375
9.432540893554688
4.479437828063965
8.790210723876953
0.3692599833011627
3.1265411376953125
6.216919898986816
2.9514060020446777
9.625539779663086
8.347345352172852
5.982332706451416
4.571053504943848
1.9143712520599365
3.9486031532287598
5.722942352294922
7.831597805023193
8.26512622833252
8.31604290008545
2.4786219596862793
4.035965442657471
3.3809244632720947
3.977125883102417
2.777186632156372
8.578189849853516
4.861661911010742
4.445239543914795
8.386496543884277
9.732131004333496
0.9405187368392944
8.172889709472656
1.729189157485962
9.09572982788086
7.435895919799805
1.067884922027588
5.549118518829346
9.62823486328125
7.576642990112305
3.8960554599761963
4.664302349090576
2.693930149078369
1.6903777122497559
5.708566665649414
7.863864421844482
9.4655122756958
1.532500982284546
7.044299125671387
2.275677442550659
7.987518787384033
5.832612991333008
2.9445090293884277
1.1686540842056274
6.276912689208984
6.068747520446777
2.4829108715057373
6.567456245422363
4.5045084953308105
8.650533676147461
4.533924102783203
8.910447120666504
2.1078624725341797
9.510725975036621
1.8303124904632568
5.957178115844727
4.558602809906006
3.5607829093933105
6.835155487060547
3.321847677230835
1.0978997945785522
8.843244552612305
1.9493069648742676
7.887292861938477
2.5597753524780273
1.0398337841033936
1.9982516765594482
3.4244415760040283
7.437128067016602
5.146685600280762
3.527785301208496
3.521442413330078
8.739256858825684
4.908623695373535
2.452749729156494
6.934665679931641
8.005372047424316
7.473047256469727
3.060086727142334
2.009307861328125
6.571737289428711
8.535538673400879
4.594696044921875
5.964198112487793
9.293742179870605
4.1383514404296875
6.841341018676758
7.6168317794799805
5.281176567077637
4.89066743850708
7.34693717956543
4.681142330169678
8.309840202331543
6.693620204925537
4.556061744689941
3.1640877723693848
9.579626083374023
9.417675971984863
2.425945281982422
3.44950532913208
7.8520097732543945
7.951498985290527
3.453056812286377
1.5612151622772217
1.9369723796844482
4.5821919441223145
3.099260091781616
5.295107364654541
2.8447625637054443
9.524103164672852
5.002007007598877
4.756640911102295
8.799877166748047
3.166962146759033
3.2621920108795166
4.179581642150879
7.9133453369140625
7.51650857925415
9.28605842590332
8.678016662597656
7.103793144226074
7.461184501647949
7.09777307510376
1.8395990133285522
7.232838153839111
4.967353820800781
1.6476988792419434
8.096125602722168
1.6475086212158203
9.55370807647705
8.55562686920166
3.6817333698272705
1.5471787452697754
9.722879409790039
3.4815101623535156
2.555450201034546
9.086786270141602
1.3993967771530151
2.663320541381836
1.0167568922042847
7.10115909576416
3.5439608097076416
4.290362358093262
8.92069149017334
2.020632743835449
9.391342163085938
3.9484610557556152
2.182490587234497
8.943318367004395
2.9384164810180664
8.051596641540527
4.26629114151001
5.776205062866211
3.218502998352051
9.487881660461426
2.7559401988983154
8.506518363952637
5.513030052185059
4.599797248840332
8.141982078552246
0.21792784333229065
2.6321425437927246
7.880589962005615
6.39546012878418
2.086986541748047
2.8349809646606445
0.5574616193771362
1.1822350025177002
9.28715705871582
0.9083189964294434
8.748466491699219
6.706987380981445
8.972624778747559
1.3412071466445923
8.778871536254883
2.0740928649902344
8.923813819885254
2.0876240730285645
4.852980613708496
1.976876139640808
1.0039132833480835
3.252863883972168
5.000484466552734
0.8687266111373901
8.459894180297852
1.4751826524734497
1.763007640838623
3.623335838317871
9.70346736907959
5.127629280090332
4.396604061126709
4.881766319274902
4.511796474456787
7.600307464599609
2.0806541442871094
6.67855167388916
9.128955841064453
6.0342698097229
2.2531042098999023
8.259904861450195
8.393685340881348
4.235671043395996
3.174799680709839
2.56160044670105
4.3929443359375
5.802379131317139
4.210672855377197
1.9315868616104126
1.6324247121810913
4.62766695022583
8.231505393981934
6.175251007080078
9.387186050415039
7.09444522857666
1.9002470970153809
0.964037299156189
8.44406795501709
2.8581509590148926
6.497640132904053
3.550025463104248
1.9029306173324585
2.8758022785186768
3.610379457473755
3.1949093341827393
4.178661346435547
2.6240732669830322
4.001504898071289
2.1326074600219727
9.520892143249512
2.587648868560791
8.56717300415039
2.836789846420288
2.6633431911468506
7.160220146179199
1.6854090690612793
6.010806560516357
4.7249321937561035
5.168159484863281
8.776764869689941
0.6180223226547241
5.931853771209717
9.157779693603516
6.181024551391602
5.834300518035889
6.089224338531494
8.700410842895508
0.9079285860061646
2.0963213443756104
3.177083730697632
2.1841633319854736
9.223654747009277
3.398369789123535
6.8968634605407715
9.480341911315918
1.5224103927612305
7.499849796295166
1.143653392791748
5.166900634765625
3.182482957839966
2.0486698150634766
3.046020030975342
0.8851410150527954
9.225576400756836
8.15384292602539
3.524562120437622
8.723651885986328
8.939104080200195
3.690054416656494
4.354706287384033
1.3394320011138916
6.838545799255371
4.602542877197266
7.075828552246094
1.8205993175506592
0.5169815421104431
3.8882195949554443
7.233124732971191
8.790458679199219
8.438599586486816
0.9846993684768677
8.468843460083008
2.2720119953155518
8.338188171386719
1.9451398849487305
2.928025960922241
3.799985408782959
3.448312282562256
2.304215669631958
4.268850326538086
4.984353065490723
2.960224151611328
9.25997257232666
4.394826889038086
4.706114292144775
5.803083896636963
8.81064510345459
4.147102355957031
0.09920912981033325
1.7273389101028442
5.4441070556640625
5.1671295166015625
8.971699714660645
5.323059558868408
4.595943450927734
7.803987979888916
2.1391024589538574
2.161630392074585
8.482593536376953
6.937351226806641
0.24616974592208862
5.710756778717041
3.3100008964538574
2.4949982166290283
0.5381973385810852
8.853799819946289
3.7244174480438232
8.589461326599121
2.076845645904541
8.957995414733887
2.6986608505249023
4.441062927246094
7.789509296417236
9.599492073059082
4.013326644897461
9.158472061157227
8.144317626953125
1.3449996709823608
2.7202792167663574
8.367607116699219
2.955611228942871
7.725569725036621
4.610140800476074
2.822293996810913
7.7280354499816895
1.7182611227035522
1.659389853477478
5.72529411315918
3.4957292079925537
6.629777908325195
1.2809009552001953
5.128488540649414
1.951612114906311
0.9324061870574951
8.903231620788574
3.6442317962646484
7.842063903808594
9.751980781555176
9.004439353942871
3.222353935241699
7.50984001159668
8.306610107421875
8.450754165649414
5.730284690856934
8.924859046936035
1.0922327041625977
2.1922221183776855
1.3745849132537842
3.3579797744750977
5.1833391189575195
3.5472466945648193
6.298589706420898
5.015771389007568
8.375507354736328
4.711233139038086
3.0135269165039062
0.9401546716690063
3.682069778442383
8.751611709594727
8.950106620788574
4.750917911529541
8.817949295043945
2.2671756744384766
1.1970053911209106
9.239734649658203
2.1798670291900635
3.94415020942688
3.8019797801971436
0.17234423756599426
8.247309684753418
4.605984687805176
0.8599756956100464
1.1569572687149048
0.8833416700363159
2.3505654335021973
6.947666168212891
3.551361083984375
9.86207389831543
7.086361885070801
8.296097755432129
8.668634414672852
8.939567565917969
5.766384124755859
8.360773086547852
8.979898452758789
1.103104591369629
9.505900382995605
8.291471481323242
8.513318061828613
9.504522323608398
7.077508449554443
1.3548963069915771
7.405479431152344
7.183170795440674
1.482484221458435
1.6955170631408691
1.6945908069610596
3.3715178966522217
3.876126766204834
2.260319471359253
1.7801508903503418
9.619156837463379
8.514433860778809
6.174335479736328
6.150810241699219
3.5149142742156982
9.275233268737793
7.58998966217041
4.2666916847229
8.52277946472168
3.5660600662231445
6.400094032287598
3.9218852519989014
4.370823383331299
2.248394012451172
4.355443954467773
5.098977088928223
8.000300407409668
9.485856056213379
5.526497840881348
7.847793102264404
1.6685354709625244
1.286171555519104
1.9830436706542969
2.736389636993408
3.926103115081787
4.091792583465576
9.637629508972168
3.055241584777832
8.458725929260254
1.3746123313903809
4.212518215179443
7.065289497375488
6.8778076171875
8.432252883911133
3.2041468620300293
0.5658367276191711
2.307816505432129
2.6203413009643555
8.004332542419434
3.0083813667297363
2.5988521575927734
0.9526455998420715
1.4841160774230957
5.268178462982178
3.1576502323150635
9.060733795166016
1.0082604885101318
2.649569034576416
9.147472381591797
1.514054298400879
7.7373504638671875
7.846325874328613
6.955905437469482
4.465223789215088
2.1864798069000244
8.163620948791504
9.104711532592773
3.1882808208465576
1.5045684576034546
2.0950469970703125
6.773784160614014
1.827883243560791
9.344164848327637
8.5714750289917
1.5246765613555908
2.1546225547790527
1.3353408575057983
8.283764839172363
1.3872098922729492
1.123990774154663
7.588572025299072
5.712703704833984
9.439085960388184
9.0399169921875
8.846930503845215
9.266629219055176
4.666232109069824
5.234969139099121
2.2587010860443115
2.545198917388916
1.924168586730957
9.111848831176758
8.991697311401367
3.9957375526428223
4.723074913024902
3.7765421867370605
1.319457769393921
8.928567886352539
2.767383575439453
7.400050163269043
4.8220391273498535
8.278780937194824
2.366683006286621
6.027914047241211
1.5879638195037842
5.406926155090332
2.387793779373169
4.315356731414795
3.097487688064575
4.957212448120117
8.2793550491333
2.6343822479248047
1.0583648681640625
8.814285278320312
3.5214593410491943
1.6850545406341553
7.996615886688232
0.5747148990631104
3.186180830001831
3.5210797786712646
7.735421180725098
2.522618293762207
5.131591796875
7.653295993804932
3.4237396717071533
8.53071117401123
0.8550547957420349
0.894813060760498
1.6092464923858643
8.238011360168457
1.3770853281021118
5.639986515045166
2.4775805473327637
5.553435325622559
0.6913106441497803
8.96318531036377
8.213539123535156
5.152847766876221
6.820425987243652
9.728759765625
1.4144904613494873
2.904958963394165
1.7397176027297974
7.576364994049072
1.6838250160217285
7.144461631774902
7.961114883422852
2.385685443878174
1.0148645639419556
9.595836639404297
4.033319473266602
8.212188720703125
7.798809051513672
3.571307897567749
1.1087977886199951
9.441179275512695
2.494403123855591
9.252086639404297
8.543450355529785
8.307304382324219
1.6054060459136963
4.333888053894043
1.8821173906326294
8.937707901000977
7.6031036376953125
0.7195592522621155
9.016644477844238
1.914738655090332
8.487489700317383
3.646724224090576
7.733372688293457
3.7117295265197754
2.951371669769287
7.908109664916992
1.4935145378112793
6.60795259475708
1.4366400241851807
3.0048105716705322
9.32632827758789
4.803482532501221
6.580130577087402
1.6488924026489258
2.4158504009246826
7.770621299743652
2.6083788871765137
7.265568256378174
9.472822189331055
3.142866849899292
3.762028694152832
2.8156516551971436
9.158843994140625
0.7955622673034668
8.795637130737305
2.858234405517578
4.318319320678711
8.207218170166016
2.8373770713806152
1.8577895164489746
1.7017126083374023
7.132928371429443
4.046186923980713
3.5761306285858154
4.573402404785156
8.408147811889648
2.8898816108703613
3.3499603271484375
6.336265563964844
2.4262681007385254
9.48345947265625
3.208158254623413
4.845312595367432
0.38368868827819824
8.88922119140625
1.4952332973480225
9.412614822387695
4.583505153656006
9.366044044494629
7.655794143676758
5.946813106536865
7.218663215637207
2.1719093322753906
2.207207441329956
3.2198498249053955
7.810464859008789
1.2092740535736084
3.8923285007476807
0.6047214269638062
9.447054862976074
4.335270404815674
1.2909290790557861
4.551052093505859
1.289791464805603
7.364198684692383
4.344120979309082
7.0459489822387695
0.9265291690826416
1.1611357927322388
3.175342559814453
3.1198441982269287
7.5312275886535645
7.641587257385254
3.165189743041992
5.089565277099609
2.9083430767059326
3.4008255004882812
4.725635051727295
3.1740119457244873
9.394107818603516
1.0027817487716675
7.122313976287842
0.9972522258758545
5.654128074645996
2.6880171298980713
1.0640264749526978
4.155495643615723
0.7884564399719238
9.681026458740234
1.4408153295516968
3.4112253189086914
1.6214661598205566
1.7519876956939697
3.3268067836761475
9.140216827392578
5.312788486480713
1.2220011949539185
6.493737697601318
1.8838651180267334
6.077813148498535
3.5062062740325928
6.835081100463867
9.183584213256836
1.7521624565124512
7.464809417724609
3.776315689086914
3.2557525634765625
8.406657218933105
2.918132781982422
9.316559791564941
9.81775188446045
9.087006568908691
2.580866575241089
1.1615703105926514
1.5287394523620605
7.509269714355469
9.67624568939209
2.718082904815674
6.405104637145996
5.8520989418029785
1.7979227304458618
2.654862880706787
4.2456536293029785
0.9108296632766724
1.1131391525268555
8.913500785827637
3.2289161682128906
1.393908143043518
6.544197082519531
7.652225971221924
2.4880499839782715
9.085979461669922
3.98043155670166
9.2234468460083
5.493371486663818
2.0418429374694824
3.1742939949035645
4.674962043762207
3.8373138904571533
4.188596725463867
2.784295082092285
9.265088081359863
7.85269021987915
1.9606794118881226
3.785994291305542
8.495408058166504
9.116795539855957
6.502542972564697
3.3311123847961426
4.382944107055664
2.0069446563720703
1.4153566360473633
5.095512390136719
4.052516937255859
5.5495805740356445
6.561354637145996
3.9473721981048584
8.687786102294922
8.803337097167969
4.7411017417907715
1.7083914279937744
7.74812650680542
9.400235176086426
9.253528594970703
9.497650146484375
0.4515928328037262
6.998674392700195
3.83990740776062
5.600826740264893
7.913512706756592
5.748112678527832
7.136539459228516
8.588562965393066
8.864813804626465
5.121988296508789
6.299829006195068
6.81878137588501
7.147993087768555
7.400689601898193
9.444644927978516
3.4457144737243652
7.1593194007873535
1.0697360038757324
4.127005577087402
6.405743598937988
7.3623948097229
9.266792297363281
7.0833516120910645
3.956641674041748
8.15746021270752
8.739239692687988
4.669053077697754
7.195167064666748
8.555465698242188
3.2034170627593994
4.728246212005615
3.577878952026367
0.8594032526016235
1.7595428228378296
9.70741081237793
3.502519369125366
0.7066006064414978
8.375072479248047
1.9232350587844849
6.454803466796875
2.619133472442627
1.2724268436431885
2.2864208221435547
5.102155685424805
1.1344612836837769
2.1206867694854736
6.914134979248047
1.542070984840393
5.66989803314209
9.05307674407959
9.467512130737305
2.0691580772399902
8.162403106689453
3.810407876968384
3.6791281700134277
1.9305534362792969
9.595016479492188
4.994825839996338
1.1639561653137207
5.020341396331787
1.1353704929351807
7.993197441101074
6.208706378936768
2.321622133255005
2.7135567665100098
2.6489388942718506
2.1935176849365234
1.868617296218872
5.295462131500244
5.267206192016602
3.114842176437378
9.206913948059082
8.023361206054688
9.86349868774414
6.251910209655762
2.207383871078491
5.844897747039795
8.685999870300293
8.200956344604492
7.661001205444336
4.1514573097229
3.859236001968384
2.7183034420013428
3.656862258911133
9.33220100402832
9.171713829040527
4.359665393829346
4.17802619934082
1.8308870792388916
4.538642883300781
7.726935863494873
6.137729167938232
7.528529644012451
2.841224431991577
1.6434333324432373
0.6055216789245605
3.177791118621826
2.9391887187957764
7.553725719451904
1.7876148223876953
6.847386837005615
1.373603105545044
7.5977277755737305
0.31602975726127625
2.1288135051727295
7.080358505249023
1.9004572629928589
7.594228744506836
4.352919101715088
8.121631622314453
9.469221115112305
9.380002975463867
8.50589370727539
4.751837730407715
3.3942418098449707
4.306229114532471
3.0001425743103027
4.712644100189209
9.09937572479248
4.468799114227295
7.788488864898682
2.5721921920776367
7.449239730834961
8.29407024383545
5.075520992279053
1.374138593673706
9.038620948791504
2.845977544784546
3.4798290729522705
3.6272213459014893
6.501379489898682
0.9124095439910889
8.919621467590332
1.4999998807907104
9.374404907226562
3.627190589904785
1.4616649150848389
2.2875423431396484
4.908610820770264
8.6396484375
5.845712661743164
3.302093505859375
7.894620418548584
2.8648738861083984
3.2557919025421143
6.448112487792969
0.411083459854126
5.603914737701416
9.06656551361084
3.1717584133148193
2.7024080753326416
7.7574462890625
5.020806789398193
4.370533466339111
3.6685948371887207
0.3499871790409088
6.796969413757324
8.8538818359375
7.499289512634277
2.2298951148986816
1.3763444423675537
9.324130058288574
0.8150408267974854
7.411261081695557
1.7228971719741821
6.854109287261963
6.745189666748047
3.205028772354126
7.584658622741699
1.3312960863113403
6.74751091003418
0.9806649684906006
1.069507122039795
6.959954261779785
2.6587069034576416
1.0423730611801147
2.949695348739624
9.203210830688477
4.545446872711182
1.140942096710205
2.641911029815674
1.5853922367095947
7.613046169281006
4.3144707679748535
0.9427934288978577
9.134513854980469
9.674308776855469
4.2555694580078125
8.10875129699707
9.270591735839844
8.8234224319458
1.189592719078064
7.973243713378906
8.46656608581543
0.9482383728027344
0.9632787108421326
6.5754194259643555
2.6473569869995117
1.3379311561584473
2.5406126976013184
0.9981696605682373
2.3277480602264404
7.123538017272949
3.608518123626709
5.937785625457764
2.112982749938965
6.473641872406006
8.038260459899902
0.9530395865440369
2.317573070526123
4.685638427734375
8.771524429321289
4.747366428375244
3.990656852722168
6.493005752563477
3.048823356628418
5.916338920593262
3.454723358154297
5.044075965881348
0.5159186720848083
6.847635269165039
1.0079021453857422
4.176268100738525
2.365623950958252
1.8777828216552734
2.870527744293213
7.76755428314209
9.610292434692383
6.71348762512207
3.2325217723846436
9.662703514099121
4.964775562286377
5.16979455947876
0.6144880652427673
3.7020561695098877
3.9665510654449463
3.492699146270752
1.5698940753936768
2.5293264389038086
2.5253703594207764
6.143800735473633
2.6628949642181396
2.3612875938415527
8.172304153442383
3.6265945434570312
9.230607986450195
6.835255146026611
2.868839740753174
6.13809061050415
8.371010780334473
4.923213481903076
